# 2016 31 0
# 2017 34 1
# 2018 30 2
# 2019 72 3
# 2020 87 4
# 2021 121 5
# 2022 135 6
# 2023 114 7
# 2024 87 8
# 2025 130 9
# 2026 13 10
3 0 1
5 0 2
0 1 1
2 1 1
7 2 1
5 3 1
7 3 2
9 3 1
1 4 1
7 5 1
1 6 1
3 6 1
4 6 2
6 6 2
10 7 1
7 8 1
7 9 1
7 10 1
1 11 1
3 12 1
7 13 1
6 14 1
8 14 2
9 14 2
9 15 1
0 16 1
9 17 1
7 18 2
5 19 1
1 20 2
2 20 1
3 20 2
4 20 4
5 20 5
6 20 6
7 20 5
8 20 4
9 20 2
2 21 1
3 22 1
5 22 3
6 22 3
7 22 1
8 22 3
9 22 2
4 23 1
5 23 1
7 23 1
9 23 1
6 24 2
8 24 2
4 25 1
2 26 1
3 27 1
0 28 1
6 29 1
5 30 1
6 31 3
8 31 1
9 31 1
7 32 1
8 33 1
9 34 1
6 35 1
9 35 1
2 36 1
3 36 1
3 37 1
2 38 1
4 39 2
2 40 1
3 40 5
4 40 4
5 40 4
6 40 3
7 40 5
8 40 3
9 40 3
4 41 3
5 41 2
6 42 1
6 43 1
7 44 1
7 45 1
9 46 2
1 47 1
5 48 2
7 48 2
5 49 2
3 50 1
0 51 1
4 52 2
5 52 1
6 52 3
7 52 1
9 52 2
3 53 1
5 54 1
0 55 1
2 55 1
5 55 2
0 56 1
1 57 1
0 58 1
4 59 1
3 60 1
8 61 1
8 62 1
4 63 1
8 64 1
9 64 1
10 65 1
5 66 1
7 67 1
1 68 1
2 69 1
5 69 2
6 69 2
7 69 2
9 69 2
3 70 1
9 71 1
4 72 1
7 72 1
5 73 1
8 74 1
4 75 1
0 76 1
2 77 1
8 78 2
6 79 1
3 80 1
6 81 1
8 81 1
9 81 1
5 82 2
9 83 2
1 84 1
4 84 2
9 85 2
9 86 1
0 87 1
4 88 1
1 89 1
1 90 1
6 90 2
4 91 1
5 91 1
8 91 1
1 92 1
4 93 1
6 93 1
8 93 1
6 94 1
9 95 1
0 96 1
6 97 1
9 97 1
3 98 1
5 99 2
5 100 4
3 101 1
7 101 2
8 101 1
9 102 1
4 103 1
5 104 1
10 105 1
5 106 1
2 107 1
4 107 1
5 107 6
6 107 3
7 107 1
9 107 6
3 108 1
2 109 1
1 110 1
5 110 1
7 110 1
9 110 2
0 111 1
4 111 4
5 111 3
6 111 1
7 111 4
8 111 1
9 111 2
1 112 1
7 113 1
2 114 1
3 114 1
5 114 1
9 114 4
10 114 1
4 115 2
2 116 1
2 117 1
3 117 4
4 117 4
6 117 6
7 117 6
8 117 2
9 117 2
10 117 2
7 118 1
6 119 2
8 119 2
9 119 2
5 120 1
3 121 1
6 122 1
7 123 1
3 124 2
4 124 3
5 124 3
6 124 3
9 124 4
6 125 1
8 126 2
7 127 1
4 128 1
6 129 2
5 130 1
8 131 1
6 132 1
5 133 4
6 133 8
7 133 9
8 133 5
9 133 8
10 133 1
6 134 1
6 135 1
0 136 1
6 136 2
5 137 2
4 138 1
6 139 1
5 140 1
2 141 1
3 142 1
5 143 2
0 144 1
0 145 1
6 146 2
8 146 3
1 147 1
6 148 2
10 149 1
8 150 1
7 151 1
7 152 1
4 153 2
6 153 2
7 153 2
9 153 5
3 154 1
8 155 1
1 156 1
1 157 1
7 158 1
1 159 1
0 160 1
10 161 1
4 162 2
5 162 3
1 163 1
1 164 1
6 165 2
2 166 1
4 166 3
8 166 2
9 166 1
3 167 1
4 167 1
6 167 1
8 167 2
8 168 1
3 169 1
9 170 2
8 171 1
9 171 1
3 172 1
5 173 2
6 173 4
8 173 3
9 173 3
1 174 1
7 174 2
8 174 2
1 175 1
10 176 1
1 177 1
5 177 1
6 177 3
7 177 1
8 177 1
9 177 1
6 178 1
8 178 1
7 179 1
0 180 1
4 181 2
3 182 1
1 183 1
5 184 1
5 185 1
1 186 1
2 187 1
3 188 1
6 189 2
8 189 2
0 190 1
7 190 1
9 191 1
0 192 1
4 193 1
5 193 1
8 193 2
9 193 1
0 194 1
5 195 1
5 196 1
6 196 1
8 197 1
9 198 1
0 199 1
0 200 1
3 200 5
6 200 3
7 200 2
9 200 3
2 201 1
9 202 2
4 203 1
9 204 1
6 205 2
4 206 1
1 207 1
0 208 1
2 208 2
3 208 7
4 208 2
5 208 9
6 208 9
7 208 9
8 208 4
9 208 7
5 209 3
5 210 1
3 211 1
4 211 1
6 211 1
7 211 2
5 212 1
7 213 1
7 214 1
7 215 2
7 216 1
9 217 1
10 218 1
2 219 1
3 220 1
8 220 1
4 221 1
9 222 1
4 223 1
0 224 1
4 224 3
9 224 3
4 225 2
6 226 1
8 227 1
2 228 1
8 229 1
3 230 1
5 230 1
6 230 1
7 230 2
9 230 1
9 231 1
0 232 1
1 232 1
0 233 1
5 234 3
0 235 5
1 235 5
2 235 3
3 235 10
4 235 10
5 235 15
6 235 20
7 235 17
8 235 11
9 235 20
10 235 2
2 236 1
4 236 2
5 236 2
6 236 2
5 237 1
5 238 1
9 239 1
3 240 1
6 241 1
4 242 1
6 243 1
8 243 1
4 244 1
6 244 1
8 244 1
9 244 1
7 245 1
1 246 1
3 247 1
0 248 1
2 248 1
6 249 1
7 249 1
4 250 2
5 250 2
7 250 3
3 251 1
3 252 1
6 252 1
9 252 1
4 253 1
7 253 1
3 254 2
5 254 2
7 255 1
9 256 1
3 257 2
8 258 1
2 259 1
5 260 1
6 260 1
7 260 1
8 260 3
9 260 4
9 261 1
8 262 1
4 263 1
3 264 1
4 265 1
3 266 1
1 267 1
9 268 2
2 269 1
6 270 1
